png 800 800 redchair.png

expose 2

aa 20
gi 2

color 1.5 1.5 1.5
sun -1 3 -2
color 0.25 0.25 0.25
sun 0 1 2

eye 15 42 40
forward -.7 -1.1 -1.8

color 0.2 0.2 0.2
plane 0 1 0 0

color 0.75 0 0

xyz -3.831845 17.381281 2.830768
xyz -4.381156 17.381281 9.840731
xyz -5.979993 17.838312 2.662473
xyz -6.939346 18.110237 6.102196
xyz -4.563087 17.473835 2.773479
xyz -7.963599 0.187500 9.803986
xyz -7.905915 1.205628 9.830495
xyz -7.865463 8.109992 9.754009
xyz -7.526619 9.883557 9.840741
xyz -8.070867 5.902874 9.440588
xyz -8.027170 13.651012 9.400917
xyz -7.926332 14.693976 9.555469
xyz -7.653281 16.110235 9.695698
xyz -7.743495 10.355396 9.789633
xyz -7.845997 16.110235 9.615871
xyz -8.038197 15.083161 9.325897
xyz -7.684037 14.347804 9.765032
xyz -7.887075 13.252550 9.634549
xyz -7.365382 14.375546 9.840741
xyz -8.008491 12.141749 9.487563
xyz -8.070867 12.129553 9.216347
xyz -8.070867 11.134381 9.252186
xyz -8.070867 10.139210 9.288025
xyz -8.070867 9.144039 9.323864
xyz -8.070867 8.148868 9.359703
xyz -7.636879 11.951532 9.812541
xyz -8.007185 6.260389 9.646953
xyz -8.047198 5.350831 9.591147
xyz -8.019571 7.389122 9.595581
xyz -7.576105 8.504908 9.840741
xyz -7.477133 11.262207 9.840741
xyz -7.427648 12.640858 9.840741
xyz -7.834432 11.689282 9.713364
xyz -7.620196 13.197367 9.805734
xyz -7.855546 9.426373 9.738153
xyz -7.729536 8.112154 9.820023
xyz -7.705516 9.194233 9.817272
xyz -7.943047 10.228230 9.638878
xyz -7.830936 6.565087 9.798141
xyz -7.625591 7.126258 9.840741
xyz -7.687857 5.391569 9.840741
xyz -7.801085 5.581388 9.821687
xyz -8.012551 0.187500 9.783756
xyz -7.853261 4.524224 9.813967
xyz -7.972475 1.558649 9.791539
xyz -7.874654 0.187500 9.840741
xyz -7.750122 3.656879 9.840741
xyz -7.902398 2.819496 9.813613
xyz -8.070867 0.187500 9.646416
xyz -8.033253 0.187500 9.735003
xyz -7.812388 1.922190 9.840741
xyz -7.925822 16.110235 9.423156
xyz -8.042438 1.738898 9.704681
xyz -8.037993 9.144039 9.504359
xyz -8.037891 10.636795 9.460564
xyz -7.969266 11.219764 9.580085
xyz -8.058477 2.842833 9.632876
xyz -8.070867 1.922190 9.583944
xyz -8.070867 3.656879 9.521473
xyz -8.008938 3.177495 9.720613
xyz -7.958116 5.391569 9.728887
xyz -8.047036 4.196191 9.625340
xyz -8.070867 14.375546 9.135462
xyz -8.070867 13.252550 9.175904
xyz -7.961780 8.709395 9.650935
xyz -7.933841 7.056980 9.718018
xyz -8.070867 7.025870 9.400146
xyz -8.070867 4.779876 9.481030
xyz -8.056496 6.464373 9.528033
xyz -7.988934 4.294616 9.719522
xyz -6.570882 16.110235 9.840741
xyz -6.570882 16.110235 8.340741
xyz -8.070867 0.187500 8.715741
xyz -8.070882 16.110235 8.340741
xyz -7.303116 16.110235 9.840741
xyz -8.070867 16.110235 9.072990
xyz 7.653281 16.110235 9.695698
xyz 7.963599 0.187500 9.803986
xyz 7.864430 13.252550 9.657184
xyz 7.630770 13.651012 9.797148
xyz 8.035749 13.197367 9.390397
xyz 8.043569 4.524224 9.624402
xyz 8.042520 11.951532 9.407224
xyz 7.446000 12.129553 9.840741
xyz 7.785460 14.693976 9.696308
xyz 8.070867 16.110235 9.072990
xyz 7.925822 16.110235 9.423156
xyz 7.995063 14.347804 9.454098
xyz 7.481721 11.134381 9.840741
xyz 7.717266 12.141749 9.778568
xyz 7.690079 10.636795 9.807982
xyz 7.809731 11.219764 9.739464
xyz 7.868467 10.228230 9.713365
xyz 7.517443 10.139210 9.840741
xyz 7.553164 9.144039 9.840741
xyz 7.588885 8.148868 9.840741
xyz 8.070867 9.883557 9.297232
xyz 7.983592 8.109992 9.636112
xyz 7.947404 7.056980 9.704488
xyz 8.070867 8.504908 9.346881
xyz 8.070867 12.640858 9.197933
xyz 8.019475 10.355396 9.513988
xyz 8.070867 11.262207 9.247582
xyz 8.070867 14.375546 9.135462
xyz 7.967811 9.426373 9.626056
xyz 8.047154 9.194233 9.476172
xyz 7.733712 9.144039 9.808155
xyz 7.824791 7.389122 9.789919
xyz 7.880376 8.709395 9.732198
xyz 8.070867 7.126258 9.396530
xyz 8.051428 5.581388 9.572144
xyz 8.049874 8.112154 9.500316
xyz 8.027775 6.565087 9.601827
xyz 8.070867 5.391569 9.459002
xyz 7.854152 4.196191 9.817423
xyz 8.070867 3.656879 9.521473
xyz 8.020630 1.558649 9.743723
xyz 8.033253 0.187500 9.735003
xyz 8.012551 0.187500 9.783756
xyz 8.070867 1.922190 9.583944
xyz 7.812388 1.922190 9.840741
xyz 7.933295 1.738898 9.813087
xyz 8.060104 1.205628 9.677476
xyz 7.555907 15.083161 9.808106
xyz 7.365382 14.375546 9.840741
xyz 7.943170 11.689282 9.604720
xyz 7.949520 3.177495 9.779733
xyz 7.861496 2.842833 9.828796
xyz 7.750122 3.656879 9.840741
xyz 7.948581 4.294616 9.759710
xyz 8.043076 2.819496 9.673697
xyz 7.405691 13.252550 9.840741
xyz 7.629194 7.025870 9.840741
xyz 7.876091 6.260389 9.777677
xyz 7.669503 5.902874 9.840741
xyz 7.709813 4.779876 9.840741
xyz 7.757055 6.464373 9.826662
xyz 7.820078 5.350831 9.817510
xyz 7.958116 5.391569 9.728887
xyz 8.070882 16.110235 8.340741
xyz 6.945866 0.187500 9.840741
xyz 7.874654 0.187500 9.840741
xyz 6.570882 16.110235 9.840741
xyz 6.570882 16.110235 8.340741
xyz 8.070867 0.187500 8.715741
xyz 7.303116 16.110235 9.840741
xyz 7.845997 16.110235 9.615871
xyz -8.063591 0.000000 9.696969
xyz -8.063591 0.187500 9.696969
xyz -8.043555 0.000000 9.743950
xyz -7.924071 0.000000 9.834275
xyz -7.971365 0.187500 9.814994
xyz -7.971365 0.000000 9.814994
xyz -7.924071 0.187500 9.834275
xyz -8.070867 0.000000 8.715741
xyz -6.945866 0.187500 9.840741
xyz 7.971365 0.000000 9.814994
xyz 8.043555 0.000000 9.743950
xyz 8.063591 0.187500 9.696969
xyz 8.070867 0.187500 9.646416
xyz 8.070867 0.000000 9.646416
xyz 8.070867 0.000000 8.715741
xyz 6.945866 0.000000 9.840741
xyz 6.945866 0.187500 8.715741
xyz 6.945866 0.000000 8.715741
xyz 7.924071 0.000000 9.834275
xyz 7.873408 0.000000 9.840741
xyz 8.012108 0.000000 9.784194
xyz 8.063591 0.000000 9.696969
xyz -8.070867 0.000000 9.646416
xyz -7.873408 0.000000 9.840741
xyz -8.012108 0.000000 9.784194
xyz -6.945866 0.000000 9.840741
xyz -6.945866 0.000000 8.715741
xyz 7.873408 0.187500 9.840741
xyz 8.012108 0.187500 9.784194
xyz 8.043555 0.187500 9.743950
xyz 7.924071 0.187500 9.834275
xyz 7.971365 0.187500 9.814994
xyz -8.043555 0.187500 9.743950
xyz -8.012108 0.187500 9.784194
xyz -6.945866 0.187500 8.715741
xyz -7.873408 0.187500 9.840741
xyz -7.077197 18.533983 -4.518154
xyz -0.496970 32.341331 -8.841855
xyz -6.916358 31.608141 -7.365495
xyz -5.668071 31.385485 -7.315520
xyz -6.449586 32.497608 -7.638116
xyz -4.155685 32.515839 -7.810363
xyz -5.746649 30.997736 -7.216839
xyz -5.825228 30.609987 -7.118159
xyz -5.220525 32.032192 -7.531197
xyz -4.301910 32.069904 -8.966212
xyz -5.682680 31.043169 -8.515598
xyz -5.668974 32.785622 -9.106365
xyz -6.170902 32.471287 -8.955624
xyz -5.276740 31.629759 -8.711226
xyz -4.574981 33.196148 -9.374020
xyz -6.962379 30.906334 -8.480776
xyz -6.506281 31.986660 -8.794001
xyz -6.959427 30.920900 -8.484482
xyz -7.077197 30.609987 -7.118159
xyz -6.841659 31.502033 -8.632379
xyz -5.167046 33.099957 -9.257107
xyz -4.806482 33.621395 -8.152603
xyz -5.722573 33.191330 -7.909334
xyz -5.825228 20.838463 -4.951022
xyz -5.825228 20.568241 -6.169448
xyz -7.077197 20.568241 -6.169448
xyz -7.077197 30.339764 -8.336585
xyz -7.077197 19.689749 -4.715820
xyz -7.077197 20.838463 -4.951022
xyz -5.825228 18.343657 -5.751587
xyz -5.825228 19.459351 -5.942400
xyz -7.077197 19.459351 -5.942400
xyz -7.077197 18.343657 -5.751587
xyz -5.753954 30.691465 -8.426092
xyz -4.310890 32.068443 -8.964440
xyz -5.479710 31.336464 -8.613413
xyz -5.444298 31.708839 -7.423359
xyz -3.952572 32.126659 -9.035195
xyz -4.104629 32.524136 -7.820445
xyz -4.550726 32.451660 -7.732356
xyz -5.756805 30.947622 -7.204086
xyz -4.885625 32.241924 -7.631776
xyz -4.669207 32.010231 -8.893684
xyz -4.972973 31.819994 -8.802456
xyz -5.825228 19.689749 -4.715820
xyz -5.825228 30.339764 -8.336585
xyz 0.503030 21.186703 -6.266606
xyz 0.503030 32.341331 -8.841855
xyz 0.503030 32.412186 -8.534967
xyz 0.503030 21.257553 -5.959717
xyz -0.496970 32.412186 -8.534967
xyz -0.496970 21.257553 -5.959717
xyz -0.496970 21.186703 -6.266606
xyz -2.504527 21.150124 -6.173063
xyz -2.488043 32.395000 -8.446345
xyz -1.505897 21.138351 -6.224058
xyz -2.488043 21.220877 -5.866596
xyz -1.505897 32.312477 -8.803808
xyz -2.504527 32.324249 -8.752813
xyz -1.489413 32.383228 -8.497340
xyz -1.489413 21.209103 -5.917590
xyz 0.003433 33.265331 -9.825434
xyz 0.003433 33.136589 -8.435069
xyz -3.790870 32.121143 -9.060077
xyz -3.790988 33.745701 -8.344108
xyz -3.982917 33.292339 -9.490932
xyz -3.821214 33.286819 -9.515814
xyz -3.629285 33.740185 -8.368988
xyz -2.423425 33.710567 -8.525023
xyz -1.211994 33.703762 -8.623095
xyz -1.276081 33.248482 -9.783338
xyz -3.760644 32.580021 -7.888370
xyz -1.803252 32.538719 -8.124339
xyz -2.531313 32.090118 -9.223288
xyz -3.821072 33.286816 -9.515835
xyz -2.551597 33.255646 -9.680085
xyz -3.790728 32.121136 -9.060098
xyz -1.265944 32.082729 -9.326443
xyz -3.598941 32.574501 -7.913251
xyz -1.248068 32.543236 -8.149756
xyz 2.511392 32.340603 -8.756589
xyz 2.494909 32.411354 -8.450121
xyz 2.494909 21.259544 -5.875523
xyz 2.511392 21.188791 -6.181990
xyz 1.496279 32.399582 -8.501116
xyz 1.512763 32.328831 -8.807584
xyz 1.512763 21.177019 -6.232985
xyz 1.496279 21.247772 -5.926517
xyz 7.084062 20.838463 -4.951022
xyz 5.832094 19.689749 -4.715820
xyz 1.218943 33.703762 -8.623090
xyz 0.003433 32.098976 -9.369406
xyz 0.003433 32.553413 -8.207049
xyz 1.272917 32.082729 -9.326436
xyz 3.605807 32.574501 -7.913251
xyz 2.538285 32.090118 -9.223277
xyz 1.809887 32.538719 -8.124358
xyz 0.003433 32.682152 -9.597425
xyz 1.283066 33.248482 -9.783330
xyz 2.430374 33.710567 -8.525015
xyz 2.558581 33.255646 -9.680073
xyz 0.003433 33.719769 -8.663078
xyz 3.636151 33.740185 -8.368988
xyz 3.797854 33.745701 -8.344108
xyz 6.456452 32.497608 -7.638116
xyz 5.451164 31.708839 -7.423359
xyz 3.767509 32.580021 -7.888370
xyz 6.923223 31.608141 -7.365495
xyz 5.753515 30.997736 -7.216839
xyz 4.162550 32.515839 -7.810363
xyz 5.729439 33.191330 -7.909334
xyz 4.557591 32.451660 -7.732356
xyz 3.959438 32.126659 -9.035195
xyz 5.227391 32.032192 -7.531197
xyz 5.832094 30.609987 -7.118159
xyz 5.763671 30.947622 -7.204086
xyz 4.317755 32.068443 -8.964440
xyz 4.892491 32.241924 -7.631776
xyz 5.760820 30.691465 -8.426092
xyz 5.674937 31.385485 -7.315520
xyz 4.111495 32.524136 -7.820445
xyz 5.486576 31.336464 -8.613413
xyz 5.689547 31.043169 -8.515598
xyz 3.797594 32.121136 -9.060098
xyz 3.827939 33.286816 -9.515835
xyz 3.989782 33.292339 -9.490932
xyz 4.581847 33.196148 -9.374020
xyz 4.813348 33.621395 -8.152603
xyz 5.173912 33.099957 -9.257107
xyz 5.675840 32.785622 -9.106365
xyz 6.966293 30.920900 -8.484482
xyz 6.513146 31.986660 -8.794001
xyz 6.177769 32.471287 -8.955624
xyz 4.676072 32.010231 -8.893684
xyz 5.762606 30.682652 -8.423849
xyz 4.567010 33.198559 -9.376949
xyz 7.084062 30.339764 -8.336585
xyz 4.979839 31.819994 -8.802456
xyz 5.283606 31.629759 -8.711226
xyz 6.848524 31.502033 -8.632379
xyz 7.084062 18.343657 -5.751587
xyz 5.832094 18.343657 -5.751587
xyz 7.084062 30.609987 -7.118159
xyz 5.832094 20.838463 -4.951022
xyz 5.832094 20.568241 -6.169448
xyz 5.832094 19.459351 -5.942400
xyz 5.832094 30.339764 -8.336585
xyz 7.084062 20.568241 -6.169448
xyz 7.084062 19.689749 -4.715820
xyz 7.084062 19.459351 -5.942400
xyz -8.070867 18.110237 8.505905
xyz -8.070867 18.110237 9.053339
xyz -7.965374 18.110237 9.447040
xyz -7.677165 18.110237 9.735250
xyz -7.487259 18.110237 9.813910
xyz -6.665656 18.110237 2.608756
xyz -6.332295 18.110237 0.985662
xyz -5.609574 18.110237 -0.505391
xyz -4.541987 18.110237 -1.772602
xyz -3.195264 18.110237 -2.737952
xyz -0.008146 18.110237 -3.547578
xyz 5.593283 18.110237 -0.505391
xyz 6.316004 18.110237 0.985662
xyz 6.649365 18.110237 2.608756
xyz 7.215948 18.110237 9.840741
xyz 7.303116 18.110237 9.840741
xyz 7.500793 18.110237 9.814716
xyz 7.684999 18.110237 9.738416
xyz 3.541767 18.110237 -4.764122
xyz -3.541767 18.110237 -4.764122
xyz -3.541767 16.110235 -4.764122
xyz 0.000000 16.110235 -4.924417
xyz 8.040857 16.110235 9.274652
xyz 7.843180 16.110235 9.617039
xyz 7.684999 16.110235 9.738416
xyz 7.500793 16.110235 9.814716
xyz -7.487259 16.110235 9.813910
xyz -7.840241 16.110235 9.610116
xyz -8.044036 16.110235 9.257133
xyz -8.070867 16.110235 9.053339
xyz -8.070867 16.110235 8.505905
xyz -7.840241 18.110237 9.610116
xyz -8.044036 18.110237 9.257133
xyz -7.965374 16.110235 9.447040
xyz -7.677165 16.110235 9.735250
xyz -7.283465 16.110235 9.840741
xyz 6.542924 17.795008 9.840741
xyz 5.105999 17.427696 9.840741
xyz 1.081866 17.559868 9.840741
xyz 0.236018 17.830729 9.840741
xyz 0.103700 17.863451 9.840741
xyz -0.032532 17.863451 9.840741
xyz -0.164849 17.830729 9.840741
xyz -1.879717 17.381281 9.840741
xyz -4.381035 17.381281 9.840741
xyz -5.122290 17.427696 9.840741
xyz -5.852223 17.566319 9.840741
xyz -6.559216 17.795008 9.840741
xyz -7.232239 18.110237 9.840741
xyz -7.283465 18.110237 9.840741
xyz 8.066881 18.110237 9.076975
xyz 8.040857 18.110237 9.274652
xyz 7.964556 18.110237 9.458858
xyz 7.843180 18.110237 9.617039
xyz 7.964556 16.110235 9.458858
xyz 8.066881 16.110235 9.076975
xyz 8.070867 18.110237 8.505905
xyz 8.070867 18.110237 9.076975
xyz 8.070867 16.110235 9.076975
xyz 8.070867 16.110235 8.505905
xyz 7.054575 16.110235 -4.284548
xyz -7.054575 18.110237 -4.284548
xyz 0.000000 18.110237 -4.924417
xyz 7.054575 18.110237 -4.284548
xyz 3.541767 16.110235 -4.764122
xyz -7.054575 16.110235 -4.284548
xyz -1.652319 18.110237 -3.342008
xyz 1.636027 18.110237 -3.342008
xyz 3.178973 18.110237 -2.737952
xyz 4.525696 18.110237 -1.772602
xyz 3.815554 17.381281 2.830768
xyz 2.595922 17.381281 0.314272
xyz 0.936205 17.381281 -0.587135
xyz -0.952496 17.381281 -0.587135
xyz -1.838706 17.381281 -0.240188
xyz -2.612213 17.381281 0.314272
xyz -3.225394 17.381281 1.042110
xyz -3.640498 17.381281 1.898515
xyz -3.831968 17.381281 2.830759
xyz -5.294330 17.566389 2.716191
xyz -3.097338 17.566404 -1.179282
xyz -4.779625 17.566404 0.817570
xyz -0.665987 17.566404 -2.131144
xyz 1.924876 17.566404 -1.807209
xyz 4.047023 17.566404 -0.286024
xyz -1.783992 17.472843 -1.405733
xyz -4.386819 17.691898 -0.558567
xyz 3.327489 17.691898 -1.523085
xyz 0.596206 17.472843 -1.703328
xyz 5.143982 17.691898 0.633067
xyz -2.149158 17.743916 -2.338480
xyz -3.615570 17.447449 0.091187
xyz 2.739959 17.447449 -0.703444
xyz 0.720478 17.743916 -2.697269
xyz 4.236499 17.447449 1.072929
xyz 4.386052 17.453489 2.786073
xyz 4.698957 17.470940 1.918639
xyz 5.514553 17.684582 1.705081
xyz -4.614540 17.456135 1.881397
xyz -5.446355 17.662010 1.655910
xyz 5.278039 17.566389 2.716191
xyz 4.364743 17.381281 9.840741
xyz 5.835931 17.566319 9.840741
xyz 6.923055 18.110237 6.102196
xyz 5.963701 17.838312 2.662473
xyz 4.546857 17.473835 2.773475
xyz 1.369204 17.381281 9.036422
xyz 0.796623 17.381281 7.926498
xyz 0.236018 17.381281 6.516550
xyz 0.164797 17.381281 6.355062
xyz 0.016966 17.381281 6.246235
xyz -0.020192 17.381281 6.264438
xyz -0.057109 17.381281 6.300766
xyz -0.093629 17.381281 6.355062
xyz -0.129594 17.381281 6.427093
xyz -0.164849 17.381281 6.516550
xyz -0.008146 17.381281 -0.705207
xyz 1.822415 17.381281 -0.240188
xyz 3.209102 17.381281 1.042110
xyz 3.624207 17.381281 1.898515
xyz 3.815676 17.381281 2.830759
xyz 4.364865 17.381281 9.840731
xyz 1.950885 17.381281 9.840741
xyz 0.236018 17.548864 7.756023
xyz 0.461178 17.381281 7.082839
xyz 0.236018 17.465073 7.136287
xyz 0.200762 17.381281 6.427093
xyz 0.128278 17.381281 6.300766
xyz 0.091360 17.381281 6.264438
xyz 0.054203 17.381281 6.246235
xyz -1.298036 17.381281 9.036422
xyz -0.725454 17.381281 7.926498
xyz -1.010697 17.559868 9.840741
xyz -0.164849 17.548864 7.756023
xyz -0.390009 17.381281 7.082839
xyz -0.164849 17.465073 7.136287
xyz 6.800732 0.000000 -7.245079
xyz 6.789625 0.093746 -5.977287
xyz 6.778581 0.187500 -7.208219
xyz 6.800732 0.000000 -6.688128
xyz 6.778581 0.187500 -6.583538
xyz 6.800732 0.000000 -6.966604
xyz 6.778581 0.187500 -6.237332
xyz 6.778581 0.187500 -6.895878
xyz 6.800732 0.000000 -7.105842
xyz 6.778581 0.187500 -6.098094
xyz 6.778581 0.187500 -7.052049
xyz 6.778581 0.187500 -6.739708
xyz 6.778581 0.187500 -6.973964
xyz 6.800732 0.000000 -7.175461
xyz 6.778581 0.187500 -6.028475
xyz 6.778581 0.187500 -7.130134
xyz 6.778581 0.187500 -6.661623
xyz 6.778581 0.187500 -6.934921
xyz 6.800732 0.000000 -7.210270
xyz 6.778581 0.187500 -7.091092
xyz 6.778581 0.187500 -5.993666
xyz 6.778581 0.187500 -7.169177
xyz 6.778581 0.187500 -6.700666
xyz 6.778581 0.187500 -6.954442
xyz 6.800732 0.000000 -7.227675
xyz 6.778581 0.187500 -7.110612
xyz 6.778581 0.187500 -5.976261
xyz 6.778581 0.187500 -7.188698
xyz 6.778581 0.187500 -6.681144
xyz 6.783605 0.144848 -5.967241
xyz 6.800732 0.000000 -6.341922
xyz 6.800732 0.000000 -7.192865
xyz 6.800732 0.000000 -7.140651
xyz 6.800732 0.000000 -7.036222
xyz 6.800732 0.000000 -6.827366
xyz 6.795679 0.042652 -7.236694
xyz 6.800732 0.000000 -6.515026
xyz 6.800732 0.000000 -7.071033
xyz 6.800732 0.000000 -6.896985
xyz 6.800732 0.000000 -6.168819
xyz 6.800732 0.000000 -7.158055
xyz 6.800732 0.000000 -7.123246
xyz 6.800732 0.000000 -7.001413
xyz 6.800732 0.000000 -6.757748
xyz 6.800732 0.000000 -7.088437
xyz 6.800732 0.000000 -6.601577
xyz 6.800732 0.000000 -7.053627
xyz 6.800732 0.000000 -6.931794
xyz 6.800732 0.000000 -6.082268
xyz 6.800732 0.000000 -6.255371
xyz 6.800732 0.000000 -6.984009
xyz 6.800732 0.000000 -6.722938
xyz 6.800732 0.000000 -6.644852
xyz 6.800732 0.000000 -6.558301
xyz 6.800732 0.000000 -6.125544
xyz 6.800732 0.000000 -6.949199
xyz 6.800732 0.000000 -6.038992
xyz 6.800732 0.000000 -6.212095
xyz 6.800732 0.000000 -6.740343
xyz 6.800732 0.000000 -6.705533
xyz 6.800732 0.000000 -6.666490
xyz 6.800732 0.000000 -6.579939
xyz 6.800732 0.000000 -6.103906
xyz 6.800732 0.000000 -6.017354
xyz 6.800732 0.000000 -6.233733
xyz 6.800732 0.000000 -6.028173
xyz 6.778581 0.187500 -7.149655
xyz 6.778581 0.187500 -7.071570
xyz 6.778581 0.187500 -6.720187
xyz 6.778581 0.187500 -7.013007
xyz 6.778581 0.187500 -6.063285
xyz 6.778581 0.187500 -6.410435
xyz 6.778581 0.187500 -6.915400
xyz 6.778581 0.187500 -6.817793
xyz 6.778581 0.187500 -6.167713
xyz 6.778581 0.187500 -6.622581
xyz 6.778581 0.187500 -6.011071
xyz 6.800732 0.000000 -7.236377
xyz 6.778581 0.187500 -5.967559
xyz 6.778581 0.187500 -6.323884
xyz 6.778581 0.187500 -6.132904
xyz 6.778581 0.187500 -6.603059
xyz 6.778581 0.187500 -6.045880
xyz 6.778581 0.187500 -6.993485
xyz 6.778581 0.187500 -7.032527
xyz 6.778581 0.187500 -6.080689
xyz 6.778581 0.187500 -6.496986
xyz 6.778581 0.187500 -6.778751
xyz 6.778581 0.187500 -6.856836
xyz 6.778581 0.187500 -6.202522
xyz 6.778581 0.187500 -6.642101
xyz 6.778581 0.187500 -6.280608
xyz 6.778581 0.187500 -6.367159
xyz 6.778581 0.187500 -6.115499
xyz 6.778581 0.187500 -6.540262
xyz 6.778581 0.187500 -6.759230
xyz 6.778581 0.187500 -6.837315
xyz 6.778581 0.187500 -6.219927
xyz 6.778581 0.187500 -6.258970
xyz 6.778581 0.187500 -6.345521
xyz 6.778581 0.187500 -6.518624
xyz 6.778581 0.187500 -6.561900
xyz 6.800732 0.000000 -6.222914
xyz 6.800732 0.000000 -6.060630
xyz 6.800732 0.000000 -6.147182
xyz 6.800732 0.000000 -6.623215
xyz 6.800732 0.000000 -6.792557
xyz 6.800732 0.000000 -7.018818
xyz 6.800732 0.000000 -6.190457
xyz 6.800732 0.000000 -6.298646
xyz 6.800732 0.000000 -6.914390
xyz 6.800732 0.000000 -6.536664
xyz 6.800732 0.000000 -6.862175
xyz 6.800732 0.000000 -6.428474
xyz 6.800732 0.000000 -6.114725
xyz 6.800732 0.000000 -6.136363
xyz 6.800732 0.000000 -6.809961
xyz 6.800732 0.000000 -6.775152
xyz 6.800732 0.000000 -6.320284
xyz 6.800732 0.000000 -6.201276
xyz 6.800732 0.000000 -6.277009
xyz 6.800732 0.000000 -6.471750
xyz 6.800732 0.000000 -6.844770
xyz 6.800732 0.000000 -6.385198
xyz 6.800732 0.000000 -6.493388
xyz 6.800732 0.000000 -6.406836
xyz 6.800732 0.000000 -6.363560
xyz 6.778581 0.187500 -6.185117
xyz 6.778581 0.187500 -6.453710
xyz 6.778581 0.187500 -6.302246
xyz 6.778581 0.187500 -6.798272
xyz 6.778581 0.187500 -6.388797
xyz 6.778581 0.187500 -6.876357
xyz 6.778581 0.187500 -6.150308
xyz 6.778581 0.187500 -6.432073
xyz 6.778581 0.187500 -6.475348
xyz 6.800732 0.000000 -6.450112
xyz 6.800732 0.000000 -6.879580
xyz 8.042804 0.093746 -5.977287
xyz 8.042804 0.093746 -7.226650
xyz 8.054294 0.000000 -7.245079
xyz 8.031381 0.187500 -6.515807
xyz 8.054294 0.000000 -6.620398
xyz 8.031381 0.187500 -6.237332
xyz 8.054294 0.000000 -6.966604
xyz 8.054294 0.000000 -6.308057
xyz 8.031381 0.187500 -6.098094
xyz 8.054294 0.000000 -7.105842
xyz 8.054294 0.000000 -6.151886
xyz 8.054294 0.000000 -6.464227
xyz 8.054294 0.000000 -6.229972
xyz 8.031381 0.187500 -6.028475
xyz 8.054294 0.000000 -7.175461
xyz 8.054294 0.000000 -6.073802
xyz 8.054294 0.000000 -6.542313
xyz 8.054294 0.000000 -6.269015
xyz 8.031381 0.187500 -5.993666
xyz 8.054294 0.000000 -6.112844
xyz 8.054294 0.000000 -7.210270
xyz 8.054294 0.000000 -6.034759
xyz 8.054294 0.000000 -6.503270
xyz 8.031381 0.187500 -5.976261
xyz 8.054294 0.000000 -7.227675
xyz 8.031381 0.187500 -6.167713
xyz 8.031381 0.187500 -6.376569
xyz 8.049585 0.038420 -7.237526
xyz 8.031381 0.187500 -6.202522
xyz 8.031381 0.187500 -6.862013
xyz 8.031381 0.187500 -6.063285
xyz 8.036062 0.149079 -5.966409
xyz 8.031381 0.187500 -6.132904
xyz 8.031381 0.187500 -6.306951
xyz 8.031381 0.187500 -6.446188
xyz 8.031381 0.187500 -6.688910
xyz 8.031381 0.187500 -7.035116
xyz 8.031381 0.187500 -6.948565
xyz 8.031381 0.187500 -6.272141
xyz 8.031381 0.187500 -6.480998
xyz 8.031381 0.187500 -6.602359
xyz 8.031381 0.187500 -7.121667
xyz 8.031381 0.187500 -6.991841
xyz 8.031381 0.187500 -7.078392
xyz 8.031381 0.187500 -6.559083
xyz 8.031381 0.187500 -6.645635
xyz 8.031381 0.187500 -7.164943
xyz 8.031381 0.187500 -6.970203
xyz 8.031381 0.187500 -6.623997
xyz 8.054294 0.000000 -6.386142
xyz 8.054294 0.000000 -6.347100
xyz 8.054294 0.000000 -7.036222
xyz 8.054294 0.000000 -6.581356
xyz 8.054294 0.000000 -7.236377
xyz 8.031381 0.187500 -5.967559
xyz 8.054294 0.000000 -6.190929
xyz 8.054294 0.000000 -6.793501
xyz 8.054294 0.000000 -7.140651
xyz 8.054294 0.000000 -6.425185
xyz 8.054294 0.000000 -7.071033
xyz 8.054294 0.000000 -7.001413
xyz 8.054294 0.000000 -6.880052
xyz 8.054294 0.000000 -6.706949
xyz 8.054294 0.000000 -6.923328
xyz 8.054294 0.000000 -6.836777
xyz 8.054294 0.000000 -6.663673
xyz 8.054294 0.000000 -6.944966
xyz 8.054294 0.000000 -6.685311
xyz 8.054294 0.000000 -6.858415
xyz 8.054294 0.000000 -6.642035
xyz 8.031381 0.187500 -6.775462
xyz 8.031381 0.187500 -6.341760
xyz 8.031381 0.187500 -6.732186
xyz 8.031381 0.187500 -6.818738
xyz 8.031381 0.187500 -6.905289
xyz 8.031381 0.187500 -6.667272
xyz 8.031381 0.187500 -7.143305
xyz 8.031381 0.187500 -6.580721
xyz 8.031381 0.187500 -6.411379
xyz 8.031381 0.187500 -6.797100
xyz 8.031381 0.187500 -6.710548
xyz 8.031381 0.187500 -6.883651
xyz 8.031381 0.187500 -6.840375
xyz 8.031381 0.187500 -6.926927
xyz 8.054294 0.000000 -6.750225
xyz 8.054294 0.000000 -6.901690
xyz 8.054294 0.000000 -6.815139
xyz 8.054294 0.000000 -6.771863
xyz 8.054294 0.000000 -6.728587
xyz 8.031381 0.187500 -6.753824
xyz 6.800732 0.000000 -5.995717
xyz 6.789625 0.093746 -7.226650
xyz 8.031381 0.187500 -7.208219
xyz 8.054294 0.000000 -5.995717
xyz 8.031381 0.187500 -5.958856
xyz 5.846422 13.793155 -4.134890
xyz 5.899220 11.828883 -4.149354
xyz 5.979296 9.869118 -4.268580
xyz 6.218931 5.986848 -4.818780
xyz 7.320993 7.919639 -4.492053
xyz 7.134798 11.828762 -4.149357
xyz 6.747968 5.986848 -4.818780
xyz 7.101899 5.986848 -4.818780
xyz 7.455829 5.986848 -4.818780
xyz 6.468710 3.084275 -5.389388
xyz 7.711753 3.084013 -5.389440
xyz 6.778581 0.187500 -5.958856
xyz 6.134916 7.163401 -5.836848
xyz 7.370372 7.163401 -5.836848
xyz 5.832093 18.533943 -4.518147
xyz 7.084062 18.533943 -4.518147
xyz 7.077933 18.157850 -4.197442
xyz 5.827391 18.157850 -4.197437
xyz 5.829162 18.309153 -4.400888
xyz 7.082537 18.443562 -4.471002
xyz 5.830627 18.421547 -4.459518
xyz 5.828276 18.233501 -4.299162
xyz 7.079102 18.233503 -4.299167
xyz 5.827078 18.129391 -4.048687
xyz 7.077583 18.134045 -4.073003
xyz 5.826868 18.110237 -3.948564
xyz 7.063311 16.066500 -4.031830
xyz 7.063499 15.932104 -4.161978
xyz 7.063687 15.847426 -4.203031
xyz 5.832402 14.620672 -5.315286
xyz 5.871138 12.746432 -5.271486
xyz 5.934825 10.873774 -5.344203
xyz 6.023027 9.010237 -5.532989
xyz 7.257420 9.010166 -5.532998
xyz 7.063607 16.488979 -5.475528
xyz 7.080827 18.343616 -5.751580
xyz 5.829588 18.343616 -5.751580
xyz 6.086142 7.919780 -4.492033
xyz 5.821095 15.755959 -4.225354
xyz 5.820583 15.847426 -4.203031
xyz 5.820162 15.932103 -4.161978
xyz 5.819836 16.006226 -4.104048
xyz 5.819600 16.066500 -4.031831
xyz 5.819444 16.110233 -3.948564
xyz 5.819599 17.110249 -3.948564
xyz 5.830808 18.438780 -5.134861
xyz 5.818666 16.488920 -5.475521
xyz 6.413290 3.671441 -6.523322
xyz 5.830286 18.398052 -5.398791
xyz 6.778581 0.187500 -6.502483
xyz 7.063379 16.006227 -4.104048
xyz 7.063280 16.110233 -3.948564
xyz 7.066487 17.110260 -3.948564
xyz 7.077234 18.110237 -3.948564
xyz 7.080271 18.309156 -4.400892
xyz 7.082410 18.438780 -5.134860
xyz 7.072479 14.620715 -5.315288
xyz 7.107827 12.746419 -5.271486
xyz 7.169621 10.873710 -5.344208
xyz 7.654807 3.671085 -6.523392
xyz 7.213696 9.868951 -4.268595
xyz 7.084820 13.793105 -4.134889
xyz 7.063952 15.755959 -4.225354
xyz -6.802626 0.000000 -7.245079
xyz -6.780481 0.187500 -7.208219
xyz -6.791522 0.093746 -5.977287
xyz -6.802626 0.000000 -6.688128
xyz -6.780481 0.187500 -6.583538
xyz -6.802626 0.000000 -6.966604
xyz -6.780481 0.187500 -6.895878
xyz -6.780481 0.187500 -7.052049
xyz -6.780481 0.187500 -6.237332
xyz -6.802626 0.000000 -7.105842
xyz -6.780481 0.187500 -6.739708
xyz -6.780481 0.187500 -6.973964
xyz -6.780481 0.187500 -6.098094
xyz -6.802626 0.000000 -7.036222
xyz -6.802626 0.000000 -7.001413
xyz -6.802626 0.000000 -7.175461
xyz -6.780481 0.187500 -6.661623
xyz -6.780481 0.187500 -6.934921
xyz -6.780481 0.187500 -6.028475
xyz -6.802626 0.000000 -7.071033
xyz -6.802626 0.000000 -6.984009
xyz -6.802626 0.000000 -7.210270
xyz -6.780481 0.187500 -6.700666
xyz -6.780481 0.187500 -6.954442
xyz -6.780481 0.187500 -5.993666
xyz -6.802626 0.000000 -7.053627
xyz -6.802626 0.000000 -7.227675
xyz -6.780481 0.187500 -6.681144
xyz -6.780481 0.187500 -5.976261
xyz -6.780481 0.187500 -7.013007
xyz -6.797572 0.042664 -7.236692
xyz -6.780481 0.187500 -7.130134
xyz -6.802626 0.000000 -6.827366
xyz -6.780481 0.187500 -6.993485
xyz -6.802626 0.000000 -6.341922
xyz -6.785506 0.144836 -5.967244
xyz -6.780481 0.187500 -7.032527
xyz -6.802626 0.000000 -6.757748
xyz -6.780481 0.187500 -7.169177
xyz -6.780481 0.187500 -7.091092
xyz -6.802626 0.000000 -6.896985
xyz -6.802626 0.000000 -6.168819
xyz -6.802626 0.000000 -6.515026
xyz -6.802626 0.000000 -6.082268
xyz -6.780481 0.187500 -7.110612
xyz -6.802626 0.000000 -6.722938
xyz -6.780481 0.187500 -7.188698
xyz -6.802626 0.000000 -6.038992
xyz -6.780481 0.187500 -7.071570
xyz -6.802626 0.000000 -6.931794
xyz -6.802626 0.000000 -6.255371
xyz -6.802626 0.000000 -6.601577
xyz -6.802626 0.000000 -6.125544
xyz -6.802626 0.000000 -6.705533
xyz -6.802626 0.000000 -6.740343
xyz -6.802626 0.000000 -6.017354
xyz -6.802626 0.000000 -6.558301
xyz -6.802626 0.000000 -6.949199
xyz -6.802626 0.000000 -6.212095
xyz -6.802626 0.000000 -6.644852
xyz -6.802626 0.000000 -6.103906
xyz -6.802626 0.000000 -6.028173
xyz -6.802626 0.000000 -6.579939
xyz -6.802626 0.000000 -6.233733
xyz -6.802626 0.000000 -6.666490
xyz -6.780481 0.187500 -5.967559
xyz -6.802626 0.000000 -7.236377
xyz -6.802626 0.000000 -7.088437
xyz -6.780481 0.187500 -6.410435
xyz -6.802626 0.000000 -7.018818
xyz -6.780481 0.187500 -6.167713
xyz -6.780481 0.187500 -6.915400
xyz -6.802626 0.000000 -7.140651
xyz -6.780481 0.187500 -6.622581
xyz -6.780481 0.187500 -6.817793
xyz -6.780481 0.187500 -6.063285
xyz -6.802626 0.000000 -7.192865
xyz -6.780481 0.187500 -6.720187
xyz -6.780481 0.187500 -6.011071
xyz -6.780481 0.187500 -6.856836
xyz -6.780481 0.187500 -6.080689
xyz -6.780481 0.187500 -6.642101
xyz -6.780481 0.187500 -6.496986
xyz -6.780481 0.187500 -6.323884
xyz -6.780481 0.187500 -6.202522
xyz -6.780481 0.187500 -6.132904
xyz -6.802626 0.000000 -7.123246
xyz -6.802626 0.000000 -7.158055
xyz -6.780481 0.187500 -6.603059
xyz -6.780481 0.187500 -6.778751
xyz -6.780481 0.187500 -6.045880
xyz -6.780481 0.187500 -6.837315
xyz -6.780481 0.187500 -6.367159
xyz -6.780481 0.187500 -6.540262
xyz -6.780481 0.187500 -6.280608
xyz -6.780481 0.187500 -6.219927
xyz -6.780481 0.187500 -6.115499
xyz -6.780481 0.187500 -6.759230
xyz -6.780481 0.187500 -6.561900
xyz -6.780481 0.187500 -6.345521
xyz -6.780481 0.187500 -6.518624
xyz -6.780481 0.187500 -6.258970
xyz -6.780481 0.187500 -7.149655
xyz -6.802626 0.000000 -6.914390
xyz -6.802626 0.000000 -6.060630
xyz -6.802626 0.000000 -6.428474
xyz -6.802626 0.000000 -6.623215
xyz -6.802626 0.000000 -6.190457
xyz -6.802626 0.000000 -6.536664
xyz -6.802626 0.000000 -6.147182
xyz -6.802626 0.000000 -6.114725
xyz -6.802626 0.000000 -6.862175
xyz -6.802626 0.000000 -6.298646
xyz -6.802626 0.000000 -6.222914
xyz -6.802626 0.000000 -6.792557
xyz -6.802626 0.000000 -6.385198
xyz -6.802626 0.000000 -6.471750
xyz -6.802626 0.000000 -6.201276
xyz -6.802626 0.000000 -6.363560
xyz -6.802626 0.000000 -6.136363
xyz -6.802626 0.000000 -6.277009
xyz -6.802626 0.000000 -6.844770
xyz -6.802626 0.000000 -6.320284
xyz -6.802626 0.000000 -6.775152
xyz -6.802626 0.000000 -6.809961
xyz -6.802626 0.000000 -6.406836
xyz -6.802626 0.000000 -6.493388
xyz -6.780481 0.187500 -6.453710
xyz -6.780481 0.187500 -6.475348
xyz -6.780481 0.187500 -6.432073
xyz -6.780481 0.187500 -6.302246
xyz -6.780481 0.187500 -6.388797
xyz -6.780481 0.187500 -6.798272
xyz -6.780481 0.187500 -6.150308
xyz -6.780481 0.187500 -6.876357
xyz -6.780481 0.187500 -6.185117
xyz -6.802626 0.000000 -6.450112
xyz -6.802626 0.000000 -6.879580
xyz -8.052500 0.093746 -7.226650
xyz -8.064000 0.000000 -7.245079
xyz -8.041066 0.187500 -6.515807
xyz -8.064000 0.000000 -6.620398
xyz -8.041066 0.187500 -6.237332
xyz -8.064000 0.000000 -6.308057
xyz -8.064000 0.000000 -6.151886
xyz -8.064000 0.000000 -6.966604
xyz -8.041066 0.187500 -6.098094
xyz -8.064000 0.000000 -6.464227
xyz -8.064000 0.000000 -6.229972
xyz -8.064000 0.000000 -7.105842
xyz -8.041066 0.187500 -6.167713
xyz -8.041066 0.187500 -6.202522
xyz -8.041066 0.187500 -6.028475
xyz -8.064000 0.000000 -6.542313
xyz -8.064000 0.000000 -6.269015
xyz -8.064000 0.000000 -7.175461
xyz -8.041066 0.187500 -6.132904
xyz -8.041066 0.187500 -5.993666
xyz -8.064000 0.000000 -6.503270
xyz -8.064000 0.000000 -7.210270
xyz -8.041066 0.187500 -5.976261
xyz -8.064000 0.000000 -7.227675
xyz -8.045758 0.149025 -5.966420
xyz -8.064000 0.000000 -6.190929
xyz -8.041066 0.187500 -6.862013
xyz -8.064000 0.000000 -6.073802
xyz -8.059280 0.038474 -7.237516
xyz -8.064000 0.000000 -6.034759
xyz -8.041066 0.187500 -6.376569
xyz -8.041066 0.187500 -7.035116
xyz -8.041066 0.187500 -6.688910
xyz -8.064000 0.000000 -6.112844
xyz -8.041066 0.187500 -7.121667
xyz -8.041066 0.187500 -6.446188
xyz -8.041066 0.187500 -6.306951
xyz -8.041066 0.187500 -6.948565
xyz -8.041066 0.187500 -6.602359
xyz -8.041066 0.187500 -7.164943
xyz -8.041066 0.187500 -7.078392
xyz -8.041066 0.187500 -6.480998
xyz -8.041066 0.187500 -6.272141
xyz -8.041066 0.187500 -6.991841
xyz -8.041066 0.187500 -6.559083
xyz -8.041066 0.187500 -6.645635
xyz -8.041066 0.187500 -6.970203
xyz -8.041066 0.187500 -6.537445
xyz -8.041066 0.187500 -6.623997
xyz -8.064000 0.000000 -7.140651
xyz -8.041066 0.187500 -6.063285
xyz -8.064000 0.000000 -7.036222
xyz -8.064000 0.000000 -6.386142
xyz -8.064000 0.000000 -6.581356
xyz -8.064000 0.000000 -7.236377
xyz -8.041066 0.187500 -5.967559
xyz -8.064000 0.000000 -6.793501
xyz -8.064000 0.000000 -6.347100
xyz -8.064000 0.000000 -7.001413
xyz -8.064000 0.000000 -7.071033
xyz -8.064000 0.000000 -6.425185
xyz -8.064000 0.000000 -6.706949
xyz -8.064000 0.000000 -6.880052
xyz -8.064000 0.000000 -6.836777
xyz -8.064000 0.000000 -6.663673
xyz -8.064000 0.000000 -6.923328
xyz -8.064000 0.000000 -6.858415
xyz -8.064000 0.000000 -6.642035
xyz -8.064000 0.000000 -6.685311
xyz -8.064000 0.000000 -6.944966
xyz -8.041066 0.187500 -6.775462
xyz -8.041066 0.187500 -6.411379
xyz -8.041066 0.187500 -6.905289
xyz -8.041066 0.187500 -6.818738
xyz -8.041066 0.187500 -6.732186
xyz -8.041066 0.187500 -6.341760
xyz -8.041066 0.187500 -7.143305
xyz -8.041066 0.187500 -6.667272
xyz -8.041066 0.187500 -6.580721
xyz -8.041066 0.187500 -6.840375
xyz -8.041066 0.187500 -6.926927
xyz -8.041066 0.187500 -6.883651
xyz -8.041066 0.187500 -6.797100
xyz -8.041066 0.187500 -6.710548
xyz -8.064000 0.000000 -6.901690
xyz -8.064000 0.000000 -6.815139
xyz -8.064000 0.000000 -6.750225
xyz -8.064000 0.000000 -6.728587
xyz -8.064000 0.000000 -6.771863
xyz -8.041066 0.187500 -6.753824
xyz 0.000000 0.000000 0.000000
xyz -6.802626 0.000000 -5.995717
xyz -6.791522 0.093746 -7.226650
xyz -8.041066 0.187500 -5.958856
xyz -8.052500 0.093746 -5.977287
xyz -8.064000 0.000000 -5.995717
xyz -6.086520 7.921465 -4.491794
xyz -5.897560 11.833601 -4.149193
xyz -5.843482 13.799357 -4.135010
xyz -6.750350 5.986848 -4.818780
xyz -7.106866 5.986848 -4.818780
xyz -6.220081 5.986848 -4.818780
xyz -7.463382 5.986848 -4.818780
xyz -6.780481 0.187500 -5.958856
xyz -6.470470 3.084294 -5.389385
xyz -7.663556 3.671116 -6.523386
xyz -7.377141 7.163401 -5.836848
xyz -5.815525 15.960069 -4.170384
xyz -7.060244 16.110233 -4.033682
xyz -5.825228 18.533983 -4.518154
xyz -5.820415 18.110237 -4.033682
xyz -7.071074 18.110237 -4.033682
xyz -5.824037 18.438820 -5.134868
xyz -5.822909 18.343657 -5.751587
xyz -7.075705 18.438820 -5.134867
xyz -5.869049 12.746570 -5.271485
xyz -5.828970 14.620814 -5.315293
xyz -7.071547 14.620800 -5.315292
xyz -7.262717 9.010281 -5.532983
xyz -6.135686 7.163401 -5.836848
xyz -5.816706 15.763460 -4.225902
xyz -5.978742 9.872327 -4.268299
xyz -6.414964 3.671465 -6.523317
xyz -6.023035 9.010380 -5.532969
xyz -5.933883 10.873914 -5.344194
xyz -5.813701 16.489075 -5.475539
xyz -5.822626 18.318859 -4.433059
xyz -5.820978 18.166159 -4.258655
xyz -5.814082 17.110245 -4.033682
xyz -5.814806 16.110233 -4.033682
xyz -6.780481 0.187500 -6.520912
xyz -5.823537 18.396673 -5.408006
xyz -7.720733 3.084038 -5.389435
xyz -8.041066 0.187500 -7.208219
xyz -7.173144 10.873802 -5.344202
xyz -7.109273 12.746498 -5.271485
xyz -7.060007 16.489096 -5.475542
xyz -7.074281 18.343657 -5.751587
xyz -7.073921 18.318861 -4.433061
xyz -7.071805 18.166162 -4.258657
xyz -7.061932 17.110254 -4.033682
xyz -7.060634 15.960069 -4.170384
xyz -7.061399 15.763460 -4.225902
xyz -7.084857 13.799286 -4.135009
xyz -7.137144 11.833447 -4.149198
xyz -7.218062 9.872132 -4.268316
xyz -7.327091 7.921310 -4.491816
xyz 6.505684 6.000000 4.217027
xyz 6.802716 6.000000 6.531990
xyz 7.245162 6.000000 5.416152
xyz 6.937237 6.000000 1.969247
xyz 6.417289 6.000000 -3.115703
xyz 6.317458 6.000000 -1.283973
xyz -6.316768 6.000000 -1.283973
xyz -6.423881 6.000000 -3.115176
xyz -6.920573 6.000000 -1.505652
xyz -6.935900 6.000000 1.940640
xyz -7.239566 6.000000 5.373561
xyz -6.799951 6.000000 6.503419
xyz -6.505819 6.000000 4.217027
xyz 6.450098 6.000000 3.626475
xyz -6.450942 6.000000 3.626475
xyz -6.314408 6.000000 1.468667
xyz 6.324160 6.000000 1.468310
xyz 6.505684 5.409449 4.217027
xyz -6.505819 5.409449 4.217027
xyz -6.920573 5.409449 -1.505652
xyz -7.193694 5.409449 -4.941138
xyz -6.316768 5.409449 -1.283973
xyz 6.317458 5.409449 -1.283973
xyz 6.417289 5.409449 -3.115703
xyz 6.598921 5.409449 -4.941138
xyz 6.920040 5.409449 -1.491342
xyz 7.245162 5.409449 5.416152
xyz 7.841638 5.409449 8.824992
xyz 6.802716 5.409449 6.531990
xyz 6.450098 5.409449 3.626475
xyz -6.314408 5.409449 1.468667
xyz -6.450942 5.409449 3.626475
xyz -6.302054 5.409449 -0.693421
xyz 6.302857 6.000000 -0.693421
xyz -6.302054 6.000000 -0.693421
xyz 6.302857 5.409449 -0.693421
xyz 6.324160 5.409449 1.468310
xyz 7.237944 6.000000 8.824992
xyz 7.237944 5.409449 8.824992
xyz 7.193694 5.409449 -4.941138
xyz 6.598921 6.000000 -4.941138
xyz -6.598921 6.000000 -4.941138
xyz -6.423881 5.409449 -3.115176
xyz -6.598921 5.409449 -4.941138
xyz -7.193694 6.000000 -4.941138
xyz -7.225524 6.000000 8.769030
xyz -7.829440 6.000000 8.769030
xyz -7.829440 5.409449 8.769030
xyz -7.225524 5.409449 8.769030
xyz -6.799951 5.409449 6.503419
xyz 6.937237 5.409449 1.969247
xyz 7.841638 6.000000 8.824992
xyz 6.920040 6.000000 -1.491342
xyz 7.193694 6.000000 -4.941138
xyz -7.239566 5.409449 5.373561
xyz -6.935900 5.409449 1.940640
xyz -2.930410 21.230330 -5.823642
xyz 5.832094 21.039989 -5.573233
xyz 4.726984 21.045059 -5.943635
xyz -4.721012 21.032566 -5.923671
xyz 4.741314 21.146065 -5.549287
xyz -4.735351 21.133453 -5.529016
xyz 1.468154 21.158306 -6.298547
xyz 1.468355 21.261543 -5.911098
xyz -1.464021 21.154428 -6.292351
xyz -1.464289 21.257639 -5.904826
xyz 5.832094 21.090469 -5.376048
xyz 2.934878 21.238136 -5.836188
xyz 0.001832 21.284950 -5.986010
xyz -5.825228 21.074955 -5.351112
xyz 0.001766 20.519762 -5.780975
xyz 5.832094 20.321922 -5.160679
xyz 2.935459 20.472126 -5.628629
xyz -2.931091 20.464212 -5.615751
xyz -5.825228 20.255812 -5.332572
xyz -5.825228 20.205397 -5.530045
xyz 4.750888 20.377989 -5.335348
xyz -4.744955 20.365177 -5.314504
xyz 4.736434 20.277073 -5.729967
xyz -4.730489 20.264383 -5.709444
xyz 1.468401 20.392717 -6.092284
xyz 1.468612 20.495945 -5.704802
xyz -1.464663 20.491987 -5.698363
xyz -1.464380 20.388786 -6.085927
xyz -5.825228 20.974062 -5.745780
xyz -2.929913 21.127460 -6.212221
xyz 0.001871 21.181396 -6.372482
xyz 2.934438 21.135214 -6.224612
xyz 2.934996 20.369226 -6.017121
xyz 0.001806 20.416206 -6.167448
xyz -2.930567 20.361366 -6.004405
xyz -5.825228 21.024523 -5.548450
xyz -5.825228 20.589720 -5.637950
xyz -5.825228 20.306196 -5.135091
xyz -5.825228 20.690565 -5.243142
xyz 5.832094 20.605240 -5.662899
xyz 5.832094 20.221020 -5.555316
xyz 5.832094 20.271488 -5.358001
xyz 5.832094 20.706186 -5.268401
xyz 5.832094 20.989479 -5.770411
tri 313 316 322
tri 4 3 339
tri 3 4 381
tri 1001 1047 1048
tri 308 309 296
tri 329 273 327
tri 296 278 307
tri 152 151 154
tri 4 382 381
tri 42 61 44
tri 6 7 45
tri 8 35 65
tri 16 12 52
tri 50 43 53
tri 9 37 30
tri 18 12 11
tri 18 20 33
tri 199 217 229
tri 44 70 48
tri 67 10 69
tri 70 44 61
tri 11 12 16
tri 11 20 18
tri 17 13 15
tri 31 26 14
tri 20 21 22
tri 54 55 23
tri 52 12 15
tri 76 63 16
tri 182 156 173
tri 17 12 18
tri 15 12 17
tri 33 34 18
tri 248 198 205
tri 20 64 21
tri 64 20 11
tri 55 22 23
tri 20 55 56
tri 14 33 38
tri 54 23 25
tri 33 26 34
tri 25 29 54
tri 14 37 9
tri 61 66 27
tri 36 8 39
tri 68 62 28
tri 29 66 65
tri 66 61 39
tri 36 30 37
tri 31 32 26
tri 14 9 31
tri 26 32 34
tri 14 26 33
tri 19 34 32
tri 234 231 185
tri 14 35 37
tri 35 14 38
tri 36 37 8
tri 65 38 54
tri 8 37 35
tri 38 65 35
tri 29 65 54
tri 8 66 39
tri 40 30 36
tri 42 44 41
tri 40 36 39
tri 41 44 47
tri 40 39 42
tri 59 57 62
tri 45 53 43
tri 44 48 47
tri 7 48 45
tri 6 45 43
tri 46 51 7
tri 51 47 48
tri 48 60 45
tri 60 53 45
tri 58 53 57
tri 49 50 53
tri 46 7 6
tri 48 7 51
tri 76 16 52
tri 11 16 63
tri 57 53 60
tri 49 53 58
tri 55 54 38
tri 22 55 20
tri 55 38 56
tri 38 33 56
tri 33 20 56
tri 62 57 60
tri 58 57 59
tri 60 70 62
tri 70 60 48
tri 61 27 28
tri 68 59 62
tri 28 70 61
tri 11 63 64
tri 29 25 67
tri 65 66 8
tri 66 29 27
tri 69 29 67
tri 27 69 28
tri 10 68 28
tri 29 69 27
tri 28 69 10
tri 28 62 70
tri 40 42 41
tri 61 42 39
tri 309 308 286
tri 351 358 357
tri 568 561 590
tri 1056 1057 1085
tri 72 76 75
tri 75 71 72
tri 75 76 15
tri 111 139 82
tri 118 123 117
tri 98 105 109
tri 124 85 77
tri 78 119 122
tri 97 106 100
tri 79 85 80
tri 79 90 126
tri 228 1013 213
tri 82 130 131
tri 133 135 137
tri 130 82 139
tri 80 85 124
tri 80 90 79
tri 88 87 147
tri 103 83 102
tri 90 84 89
tri 107 91 94
tri 77 85 147
tri 146 125 124
tri 207 208 229
tri 88 85 79
tri 147 85 88
tri 126 81 79
tri 312 294 313
tri 90 132 84
tri 132 90 80
tri 91 89 94
tri 90 91 92
tri 102 126 93
tri 107 94 95
tri 126 83 81
tri 96 108 107
tri 102 106 97
tri 139 99 134
tri 112 98 113
tri 136 115 138
tri 108 99 109
tri 99 139 113
tri 112 100 106
tri 103 101 83
tri 102 97 103
tri 83 101 81
tri 102 83 126
tri 104 81 101
tri 49 148 149
tri 102 105 106
tri 105 102 93
tri 112 106 98
tri 109 93 107
tri 98 106 105
tri 93 109 105
tri 108 109 107
tri 98 99 113
tri 110 100 112
tri 111 82 114
tri 110 112 113
tri 114 82 116
tri 110 113 111
tri 129 128 115
tri 117 122 119
tri 82 131 116
tri 123 131 117
tri 118 117 119
tri 160 120 123
tri 120 116 131
tri 131 127 117
tri 127 122 117
tri 121 122 128
tri 142 78 122
tri 160 123 118
tri 131 123 120
tri 146 124 77
tri 80 124 125
tri 128 122 127
tri 142 122 121
tri 91 107 93
tri 89 91 90
tri 91 93 92
tri 93 126 92
tri 126 90 92
tri 115 128 127
tri 121 128 129
tri 127 130 115
tri 130 127 131
tri 139 134 138
tri 136 129 115
tri 138 130 139
tri 80 125 132
tri 108 96 133
tri 95 96 107
tri 109 99 98
tri 99 108 134
tri 137 108 133
tri 134 137 138
tri 135 136 138
tri 108 137 134
tri 138 137 135
tri 138 115 130
tri 110 111 114
tri 139 111 113
tri 160 159 169
tri 349 146 359
tri 872 839 854
tri 759 760 733
tri 86 146 147
tri 144 86 140
tri 144 146 86
tri 49 182 46
tri 49 46 43
tri 46 182 156
tri 164 145 160
tri 142 160 119
tri 142 164 160
tri 953 915 938
tri 763 705 740
tri 929 910 916
tri 1121 1123 1118
tri 852 797 810
tri 154 151 171
tri 229 217 224
tri 1096 1099 1100
tri 1070 1059 1095
tri 917 908 914
tri 326 320 314
tri 761 736 735
tri 200 196 197
tri 1105 1061 1060
tri 1130 1141 1124
tri 1147 1148 1127
tri 1126 1130 1128
tri 709 707 740
tri 1139 1123 1132
tri 322 316 315
tri 166 169 168
tri 166 168 157
tri 167 163 165
tri 161 167 165
tri 168 169 158
tri 161 165 162
tri 153 172 151
tri 170 151 172
tri 173 171 174
tri 170 174 171
tri 148 172 150
tri 159 175 178
tri 176 159 178
tri 176 178 179
tri 175 164 141
tri 182 49 183
tri 149 181 49
tri 181 152 154
tri 156 182 183
tri 154 49 181
tri 1110 1112 1107
tri 936 987 965
tri 166 157 179
tri 222 218 221
tri 211 184 1013
tri 291 303 292
tri 213 215 214
tri 310 309 287
tri 248 189 255
tri 190 202 191
tri 216 1013 184
tri 166 167 169
tri 158 159 177
tri 233 234 235
tri 1140 1137 1138
tri 700 762 713
tri 73 49 76
tri 771 777 789
tri 754 746 745
tri 336 367 361
tri 326 331 320
tri 218 223 226
tri 145 160 161
tri 207 211 228
tri 335 362 366
tri 328 331 333
tri 299 330 298
tri 225 197 227
tri 486 522 560
tri 470 700 609
tri 767 1037 1009
tri 330 314 320
tri 246 253 263
tri 176 177 159
tri 337 368 360
tri 470 699 700
tri 1146 1149 1148
tri 186 203 201
tri 148 170 172
tri 468 467 469
tri 198 204 205
tri 164 143 144
tri 195 196 206
tri 1076 1103 1054
tri 1077 1053 1102
tri 995 768 997
tri 1059 1070 1106
tri 1098 1097 1061
tri 1026 1009 1010
tri 537 489 514
tri 977 983 967
tri 216 211 215
tri 228 213 214
tri 350 359 358
tri 2 1 5
tri 1129 1127 1123
tri 1031 1043 1015
tri 199 229 210
tri 744 753 729
tri 747 746 754
tri 253 259 252
tri 472 762 700
tri 276 261 275
tri 249 247 221
tri 1013 1042 1030
tri 1041 1018 1016
tri 781 842 812
tri 279 278 280
tri 310 287 311
tri 1012 1045 1011
tri 972 968 981
tri 527 589 559
tri 1000 1050 1003
tri 651 667 617
tri 1099 1096 1097
tri 1000 1025 1049
tri 623 627 616
tri 172 180 150
tri 677 653 656
tri 679 641 615
tri 363 334 364
tri 1065 1064 1080
tri 930 985 966
tri 368 365 361
tri 952 949 971
tri 647 619 630
tri 657 666 686
tri 1107 1124 1121
tri 629 623 638
tri 363 369 360
tri 627 618 640
tri 359 356 357
tri 397 394 398
tri 294 295 301
tri 401 427 417
tri 353 354 399
tri 300 295 304
tri 222 221 255
tri 615 641 646
tri 361 367 360
tri 1045 1046 1024
tri 257 261 256
tri 194 217 199
tri 265 269 268
tri 291 292 326
tri 254 253 285
tri 325 273 329
tri 205 223 189
tri 254 245 281
tri 206 205 204
tri 230 232 233
tri 221 198 249
tri 665 684 649
tri 359 146 389
tri 215 209 208
tri 368 337 365
tri 166 179 178
tri 211 1013 228
tri 230 231 232
tri 285 253 246
tri 153 181 172
tri 986 977 989
tri 621 626 701
tri 398 394 393
tri 973 969 984
tri 338 369 383
tri 660 685 652
tri 669 689 637
tri 156 171 173
tri 1053 1077 1101
tri 987 978 991
tri 325 717 273
tri 274 285 246
tri 337 360 338
tri 176 179 157
tri 154 183 49
tri 280 283 274
tri 170 49 73
tri 149 180 181
tri 277 279 280
tri 1036 1009 1037
tri 660 612 648
tri 434 430 429
tri 340 415 341
tri 245 282 281
tri 281 275 261
tri 246 263 276
tri 884 858 865
tri 369 364 393
tri 353 343 400
tri 194 199 203
tri 470 610 701
tri 512 539 577
tri 354 353 396
tri 296 304 290
tri 625 646 613
tri 364 354 355
tri 391 390 348
tri 225 226 223
tri 636 663 620
tri 364 399 354
tri 153 152 181
tri 300 317 295
tri 221 193 198
tri 279 307 278
tri 164 162 165
tri 301 297 294
tri 326 292 298
tri 265 264 269
tri 293 287 290
tri 170 73 155
tri 176 157 168
tri 161 169 167
tri 215 208 214
tri 282 245 285
tri 164 144 140
tri 246 281 275
tri 517 580 542
tri 206 204 195
tri 202 212 207
tri 259 254 261
tri 281 261 254
tri 1036 1037 997
tri 1045 1024 1011
tri 262 252 251
tri 1146 1148 1147
tri 308 307 279
tri 1013 1016 1018
tri 344 416 427
tri 767 1009 1026
tri 960 992 974
tri 366 367 336
tri 262 256 252
tri 188 187 220
tri 434 431 430
tri 159 160 175
tri 340 433 415
tri 294 316 313
tri 344 400 416
tri 311 312 310
tri 164 175 160
tri 317 319 312
tri 314 323 291
tri 486 530 522
tri 182 71 156
tri 408 419 414
tri 167 166 178
tri 1118 1111 1109
tri 463 462 454
tri 221 260 262
tri 175 141 163
tri 317 301 295
tri 308 284 283
tri 145 140 86
tri 243 242 238
tri 182 173 174
tri 168 158 177
tri 207 229 191
tri 289 306 303
tri 324 332 718
tri 302 303 306
tri 1135 1136 1141
tri 1090 1104 1103
tri 992 990 993
tri 1051 1063 1069
tri 985 976 988
tri 284 279 277
tri 964 975 939
tri 1069 1063 1062
tri 970 967 983
tri 1043 1031 1030
tri 753 744 743
tri 353 400 396
tri 249 258 247
tri 396 400 344
tri 339 395 334
tri 341 342 395
tri 340 341 395
tri 401 396 344
tri 276 256 261
tri 352 401 402
tri 397 347 390
tri 345 346 397
tri 403 345 397
tri 382 335 383
tri 335 338 383
tri 336 338 366
tri 365 337 336
tri 386 351 387
tri 385 349 350
tri 391 348 349
tri 385 350 351
tri 347 348 390
tri 339 334 382
tri 363 360 367
tri 361 360 368
tri 49 170 148
tri 359 357 358
tri 357 356 388
tri 359 389 356
tri 363 364 369
tri 207 212 211
tri 393 389 146
tri 398 393 355
tri 412 432 413
tri 367 362 363
tri 1108 1117 1149
tri 1125 1145 1143
tri 718 717 325
tri 1120 1145 1124
tri 1121 1140 1131
tri 592 566 558
tri 1133 1124 1141
tri 381 383 369
tri 380 381 369
tri 376 373 374
tri 349 370 146
tri 374 375 376
tri 377 369 146
tri 369 378 379
tri 377 372 466
tri 379 380 369
tri 436 371 146
tri 146 456 377
tri 435 146 371
tri 436 146 370
tri 372 376 466
tri 1095 1092 1094
tri 1094 1092 1058
tri 1057 1072 1093
tri 1072 1057 1056
tri 1073 1056 1055
tri 1091 1075 1074
tri 1091 1104 1090
tri 1102 1088 1089
tri 1089 1088 1052
tri 1051 1068 1079
tri 266 271 270
tri 1080 1064 1067
tri 1084 1085 1083
tri 433 340 339
tri 335 363 362
tri 225 192 197
tri 432 415 433
tri 156 75 46
tri 420 425 414
tri 342 420 414
tri 420 341 415
tri 294 311 295
tri 451 426 417
tri 421 426 418
tri 424 400 343
tri 419 407 416
tri 158 169 159
tri 253 254 259
tri 426 451 405
tri 421 403 402
tri 330 318 314
tri 422 450 406
tri 425 420 415
tri 423 346 345
tri 164 141 143
tri 410 409 425
tri 299 302 330
tri 422 417 427
tri 422 427 416
tri 468 465 467
tri 419 424 414
tri 400 424 416
tri 1118 1109 1138
tri 218 222 223
tri 234 232 231
tri 408 414 409
tri 409 414 425
tri 73 76 74
tri 417 421 402
tri 1140 1138 1139
tri 434 347 431
tri 167 178 175
tri 49 73 182
tri 426 421 417
tri 342 341 420
tri 428 423 418
tri 452 418 405
tri 424 419 416
tri 363 335 334
tri 426 405 418
tri 142 141 164
tri 312 311 294
tri 408 407 419
tri 144 143 146
tri 427 401 344
tri 410 425 415
tri 421 418 403
tri 452 428 418
tri 145 86 160
tri 289 305 306
tri 145 161 162
tri 700 713 702
tri 431 346 423
tri 346 431 347
tri 72 74 76
tri 413 432 433
tri 413 433 339
tri 175 163 167
tri 194 219 220
tri 370 348 437
tri 437 438 370
tri 347 438 437
tri 221 262 255
tri 202 210 209
tri 326 298 327
tri 336 361 365
tri 754 745 729
tri 440 455 441
tri 441 454 442
tri 443 460 454
tri 460 442 454
tri 461 443 454
tri 463 452 405
tri 233 232 234
tri 463 451 406
tri 411 410 415
tri 462 461 454
tri 449 412 465
tri 447 446 412
tri 412 448 447
tri 378 464 465
tri 378 465 412
tri 407 444 450
tri 463 454 453
tri 326 272 331
tri 444 409 410
tri 412 446 445
tri 440 372 456
tri 472 750 762
tri 373 372 440
tri 457 373 441
tri 328 333 329
tri 440 441 373
tri 458 442 459
tri 374 443 461
tri 461 462 374
tri 463 374 462
tri 373 442 460
tri 443 373 460
tri 373 443 374
tri 1039 1019 1028
tri 375 444 445
tri 375 445 446
tri 375 446 447
tri 447 376 375
tri 376 447 448
tri 449 376 448
tri 467 465 376
tri 464 376 465
tri 1013 184 1042
tri 464 377 466
tri 469 449 468
tri 168 177 176
tri 376 464 466
tri 698 471 490
tri 244 240 237
tri 472 699 488
tri 530 486 498
tri 714 702 713
tri 1139 1138 1150
tri 862 778 826
tri 601 541 595
tri 278 290 287
tri 1012 1033 1032
tri 833 805 814
tri 771 789 823
tri 990 991 978
tri 334 395 399
tri 1025 1001 1048
tri 776 820 803
tri 557 600 576
tri 699 494 488
tri 732 749 737
tri 471 496 490
tri 236 185 231
tri 542 580 508
tri 547 505 470
tri 481 565 513
tri 548 499 714
tri 256 263 253
tri 496 471 499
tri 523 581 564
tri 501 497 472
tri 944 938 915
tri 271 266 265
tri 494 699 505
tri 561 599 579
tri 766 904 1037
tri 278 286 283
tri 776 843 811
tri 871 895 834
tri 277 280 276
tri 791 785 814
tri 520 553 512
tri 487 493 525
tri 88 79 81
tri 1046 1040 1021
tri 518 573 540
tri 786 799 777
tri 417 422 406
tri 708 704 705
tri 678 695 664
tri 502 536 510
tri 538 521 529
tri 1020 1021 1040
tri 599 549 588
tri 870 841 856
tri 450 422 416
tri 909 940 979
tri 770 828 817
tri 215 211 212
tri 483 491 497
tri 495 485 511
tri 606 604 598
tri 898 880 890
tri 481 528 521
tri 901 836 807
tri 861 829 774
tri 815 837 869
tri 607 602 477
tri 845 857 887
tri 818 862 876
tri 968 971 949
tri 543 504 586
tri 759 737 765
tri 824 850 883
tri 850 901 873
tri 506 594 556
tri 857 840 798
tri 902 893 895
tri 628 609 700
tri 230 233 235
tri 687 664 694
tri 149 148 150
tri 701 626 608
tri 844 790 995
tri 194 203 200
tri 603 509 574
tri 239 237 242
tri 1134 1121 1133
tri 956 975 964
tri 935 962 947
tri 920 914 908
tri 626 631 608
tri 956 934 975
tri 628 632 609
tri 319 300 296
tri 924 945 906
tri 639 662 702
tri 635 661 610
tri 332 272 327
tri 226 204 198
tri 635 609 632
tri 855 889 880
tri 639 608 631
tri 388 386 387
tri 704 708 764
tri 450 444 463
tri 582 602 607
tri 885 875 899
tri 647 642 619
tri 229 208 209
tri 248 255 262
tri 591 606 598
tri 656 648 612
tri 141 142 146
tri 249 248 251
tri 689 669 693
tri 141 146 143
tri 903 806 772
tri 698 608 702
tri 482 553 520
tri 493 482 475
tri 675 643 683
tri 1111 1108 1150
tri 597 509 544
tri 957 942 907
tri 919 906 951
tri 1119 1137 1115
tri 624 652 611
tri 594 591 605
tri 716 762 750
tri 1084 1086 1087
tri 609 610 470
tri 207 228 214
tri 699 472 700
tri 239 242 241
tri 1083 1085 1066
tri 719 725 724
tri 701 608 698
tri 288 303 291
tri 471 702 714
tri 565 557 587
tri 333 324 325
tri 229 209 210
tri 332 327 273
tri 188 186 187
tri 352 398 355
tri 709 710 707
tri 197 195 227
tri 141 164 165
tri 458 457 441
tri 710 711 707
tri 924 913 945
tri 302 299 303
tri 262 257 256
tri 234 236 235
tri 156 71 75
tri 957 982 942
tri 308 296 307
tri 326 327 272
tri 897 881 891
tri 603 574 585
tri 397 346 347
tri 382 334 335
tri 453 404 429
tri 329 327 328
tri 918 933 999
tri 13 17 19
tri 872 825 847
tri 202 209 212
tri 769 819 788
tri 194 220 187
tri 567 476 534
tri 313 322 321
tri 330 331 328
tri 230 235 236
tri 491 483 510
tri 774 829 816
tri 476 568 519
tri 1114 1118 1138
tri 385 391 349
tri 386 385 351
tri 896 878 888
tri 858 884 881
tri 374 463 444
tri 352 403 397
tri 411 415 432
tri 668 659 644
tri 272 332 333
tri 704 764 703
tri 1065 1082 1081
tri 1040 1042 1018
tri 249 251 250
tri 864 822 828
tri 822 864 859
tri 793 782 830
tri 238 244 243
tri 272 333 331
tri 271 269 270
tri 740 734 706
tri 733 740 705
tri 704 703 733
tri 749 748 751
tri 741 732 733
tri 733 703 741
tri 704 733 705
tri 734 740 733
tri 752 750 472
tri 715 714 712
tri 735 712 706
tri 715 750 714
tri 735 715 712
tri 706 734 735
tri 744 745 747
tri 743 744 720
tri 747 728 720
tri 747 745 746
tri 744 747 720
tri 743 720 742
tri 732 748 749
tri 741 742 720
tri 732 741 717
tri 748 732 717
tri 739 749 751
tri 741 721 717
tri 720 721 741
tri 737 738 758
tri 216 184 211
tri 757 765 718
tri 141 165 163
tri 757 731 765
tri 152 153 151
tri 719 731 757
tri 756 755 719
tri 730 719 755
tri 755 753 730
tri 755 754 729
tri 755 729 753
tri 730 731 719
tri 434 371 436
tri 736 761 707
tri 338 360 369
tri 170 171 151
tri 213 216 215
tri 703 765 741
tri 764 760 759
tri 708 760 764
tri 718 737 758
tri 708 763 761
tri 708 761 760
tri 763 707 761
tri 1117 1123 1149
tri 794 801 768
tri 531 523 571
tri 288 291 323
tri 760 734 733
tri 274 246 276
tri 524 584 563
tri 921 943 1037
tri 537 507 516
tri 792 796 996
tri 874 859 866
tri 784 844 821
tri 444 411 412
tri 288 315 316
tri 504 543 566
tri 799 786 780
tri 423 428 430
tri 17 18 34
tri 342 343 353
tri 317 312 313
tri 767 787 996
tri 778 846 809
tri 995 790 768
tri 1027 1022 1038
tri 996 787 792
tri 206 192 223
tri 768 790 794
tri 832 796 792
tri 394 397 390
tri 1119 1114 1113
tri 322 297 301
tri 773 802 779
tri 831 801 794
tri 1140 1136 1137
tri 806 869 837
tri 809 846 841
tri 941 950 911
tri 284 282 274
tri 575 545 560
tri 1021 1020 1019
tri 900 845 877
tri 848 892 808
tri 835 779 802
tri 201 210 202
tri 849 888 800
tri 727 719 720
tri 886 860 867
tri 681 694 672
tri 780 835 795
tri 188 220 192
tri 933 954 931
tri 798 840 890
tri 920 908 946
tri 573 526 552
tri 478 489 495
tri 889 855 863
tri 853 781 804
tri 963 955 935
tri 182 73 74
tri 762 716 711
tri 581 506 570
tri 721 724 725
tri 473 498 492
tri 500 588 549
tri 899 875 807
tri 961 934 956
tri 775 810 805
tri 559 578 597
tri 238 242 237
tri 861 824 879
tri 702 700 472
tri 851 818 885
tri 823 789 783
tri 239 241 243
tri 838 868 797
tri 784 827 813
tri 843 788 819
tri 717 722 718
tri 650 655 614
tri 668 644 650
tri 3 381 380
tri 393 390 391
tri 195 204 226
tri 932 927 904
tri 289 297 322
tri 907 942 952
tri 998 928 926
tri 935 955 962
tri 666 642 686
tri 916 910 922
tri 559 589 578
tri 760 761 734
tri 842 787 767
tri 622 700 654
tri 998 923 999
tri 288 289 303
tri 904 925 1037
tri 926 923 998
tri 927 925 904
tri 928 959 926
tri 633 663 636
tri 882 894 893
tri 932 958 927
tri 913 939 945
tri 238 240 244
tri 673 683 653
tri 352 402 403
tri 551 545 575
tri 937 912 922
tri 948 919 951
tri 696 680 688
tri 650 614 668
tri 860 886 878
tri 315 323 306
tri 1040 1046 1042
tri 478 514 489
tri 644 667 651
tri 600 543 586
tri 546 533 698
tri 670 688 643
tri 682 693 671
tri 695 678 697
tri 562 601 593
tri 712 713 711
tri 658 634 679
tri 654 665 622
tri 541 604 583
tri 691 671 674
tri 947 962 911
tri 645 674 614
tri 1064 1065 1063
tri 414 424 343
tri 905 904 766
tri 238 237 240
tri 996 1037 767
tri 577 539 554
tri 998 999 995
tri 264 267 270
tri 768 1007 997
tri 271 265 268
tri 366 362 367
tri 1004 1003 1050
tri 1050 1006 1004
tri 203 186 188
tri 277 281 282
tri 654 684 665
tri 258 259 257
tri 265 267 264
tri 319 296 309
tri 195 226 227
tri 271 268 269
tri 274 276 280
tri 324 333 332
tri 1134 1140 1121
tri 236 231 230
tri 414 343 342
tri 582 558 602
tri 412 411 432
tri 333 325 329
tri 264 270 269
tri 484 552 526
tri 207 214 208
tri 569 562 596
tri 401 352 396
tri 484 535 533
tri 719 724 720
tri 744 729 745
tri 894 882 892
tri 339 340 395
tri 909 920 946
tri 716 736 707
tri 226 198 193
tri 273 718 332
tri 217 194 187
tri 479 532 518
tri 336 337 338
tri 335 366 338
tri 728 747 755
tri 563 584 532
tri 73 174 155
tri 501 472 488
tri 379 5 413
tri 322 301 321
tri 330 320 331
tri 933 918 954
tri 281 246 285
tri 1012 1032 1044
tri 246 275 276
tri 282 285 274
tri 1031 1014 1032
tri 1031 1032 1011
tri 1011 1024 1031
tri 1033 1011 1032
tri 1031 1024 1030
tri 1016 1013 1020
tri 1035 1016 1029
tri 1020 1029 1016
tri 1013 1024 1020
tri 1013 1030 1024
tri 1029 1017 1035
tri 1024 1019 1020
tri 1002 1001 1019
tri 1019 1001 1025
tri 1002 1019 1024
tri 1019 1000 1028
tri 1000 1019 1025
tri 1005 1028 1000
tri 1028 1005 1027
tri 1023 1027 1008
tri 1007 1026 1023
tri 1034 1026 1007
tri 1007 1023 1008
tri 1005 1008 1027
tri 156 183 171
tri 170 155 174
tri 216 213 1013
tri 164 140 145
tri 296 290 278
tri 1049 1038 1050
tri 2 5 379
tri 1048 1039 1038
tri 1047 1039 1048
tri 1049 1048 1038
tri 1050 1038 1022
tri 248 249 198
tri 172 181 180
tri 202 207 191
tri 1042 184 1018
tri 1040 1018 1041
tri 1129 1123 1139
tri 1045 1042 1046
tri 1012 1044 1045
tri 1043 1045 1044
tri 1043 1044 1015
tri 1045 1043 1042
tri 1039 1047 1021
tri 1055 1104 1091
tri 1103 1084 1054
tri 188 206 196
tri 1056 1103 1055
tri 1054 1067 1064
tri 1052 1102 1053
tri 1053 1051 1052
tri 824 861 850
tri 1053 1054 1064
tri 1060 1085 1059
tri 1059 1057 1058
tri 1058 1095 1059
tri 1061 1063 1065
tri 1062 1097 1096
tri 1060 1065 1066
tri 1093 1071 1094
tri 1070 1083 1106
tri 418 423 345
tri 1070 1093 1072
tri 1106 1081 1082
tri 1100 1098 1105
tri 1105 1069 1100
tri 603 544 509
tri 1105 1106 1082
tri 1101 1086 1076
tri 1076 1073 1074
tri 1074 1090 1076
tri 1077 1068 1080
tri 1079 1078 1089
tri 1101 1080 1087
tri 1112 1110 1135
tri 502 511 485
tri 1073 1086 1083
tri 297 289 288
tri 1037 997 1007
tri 1010 1006 1050
tri 428 452 453
tri 311 287 293
tri 953 980 943
tri 1116 1115 1136
tri 438 434 436
tri 757 722 723
tri 737 749 739
tri 1044 1032 1014
tri 748 758 738
tri 717 718 758
tri 474 551 515
tri 756 727 726
tri 731 742 741
tri 730 743 742
tri 1017 1029 1040
tri 1007 1008 1036
tri 1006 1036 1008
tri 1080 1068 1069
tri 87 88 104
tri 1022 1027 1023
tri 197 192 220
tri 948 982 957
tri 182 72 71
tri 1111 1117 1108
tri 622 628 700
tri 243 241 242
tri 818 851 862
tri 718 765 737
tri 1142 1120 1112
tri 350 358 351
tri 633 618 663
tri 815 783 837
tri 1140 1141 1136
tri 298 328 327
tri 239 243 244
tri 278 283 280
tri 194 200 219
tri 315 306 305
tri 248 262 251
tri 1002 1046 1047
tri 306 323 314
tri 262 260 257
tri 1122 1149 1123
tri 281 285 245
tri 186 190 187
tri 919 924 906
tri 1065 1081 1066
tri 298 330 328
tri 1124 1145 1144
tri 250 252 259
tri 317 321 301
tri 1148 1122 1127
tri 606 583 604
tri 215 212 209
tri 861 879 829
tri 306 314 318
tri 666 619 642
tri 1128 1144 1125
tri 717 723 722
tri 703 764 765
tri 317 300 319
tri 434 439 371
tri 317 313 321
tri 277 276 275
tri 149 150 180
tri 551 575 515
tri 206 223 205
tri 288 323 315
tri 1147 1139 1146
tri 234 185 236
tri 278 287 286
tri 1145 1120 1142
tri 256 253 252
tri 186 202 190
tri 1143 1141 1126
tri 458 459 457
tri 244 237 239
tri 284 274 283
tri 1143 1142 1135
tri 1145 1142 1143
tri 296 300 304
tri 203 188 200
tri 225 227 226
tri 1146 1150 1108
tri 164 145 162
tri 1148 1149 1122
tri 309 286 287
tri 690 672 676
tri 160 169 161
tri 381 382 383
tri 376 372 373
tri 349 348 370
tri 377 378 369
tri 377 456 372
tri 146 435 456
tri 351 357 387
tri 349 359 350
tri 386 356 385
tri 385 389 384
tri 388 387 357
tri 393 391 392
tri 394 390 393
tri 334 399 364
tri 352 355 396
tri 397 398 352
tri 353 399 395
tri 354 396 355
tri 470 701 698
tri 364 355 393
tri 401 417 402
tri 453 429 430
tri 762 711 713
tri 88 81 104
tri 288 316 294
tri 450 416 407
tri 418 345 403
tri 188 196 200
tri 444 412 445
tri 759 765 764
tri 188 192 206
tri 1046 1021 1047
tri 13 19 75
tri 379 413 380
tri 439 435 371
tri 1139 1150 1146
tri 440 456 455
tri 441 455 454
tri 463 453 452
tri 1006 1009 1036
tri 463 405 451
tri 931 912 937
tri 449 448 412
tri 378 377 464
tri 407 408 444
tri 444 410 411
tri 444 408 409
tri 17 34 19
tri 503 480 516
tri 342 353 395
tri 530 498 473
tri 844 995 821
tri 842 767 812
tri 900 877 903
tri 692 697 680
tri 599 588 579
tri 793 830 769
tri 780 795 799
tri 778 809 826
tri 786 777 771
tri 776 811 820
tri 781 812 804
tri 784 821 827
tri 481 513 528
tri 806 837 772
tri 833 814 785
tri 838 797 852
tri 823 783 815
tri 547 494 505
tri 775 805 833
tri 548 496 499
tri 473 492 529
tri 581 570 564
tri 853 804 868
tri 773 779 791
tri 857 798 887
tri 506 556 570
tri 850 873 883
tri 898 890 840
tri 538 529 492
tri 791 814 773
tri 503 554 480
tri 601 595 593
tri 265 266 267
tri 899 807 836
tri 870 856 813
tri 567 572 527
tri 537 516 480
tri 843 819 811
tri 770 817 854
tri 862 826 876
tri 784 813 856
tri 500 549 569
tri 889 863 803
tri 550 585 524
tri 886 867 816
tri 835 802 795
tri 809 841 870
tri 902 895 871
tri 845 887 877
tri 901 807 873
tri 481 521 538
tri 561 579 590
tri 523 564 571
tri 594 605 556
tri 903 772 900
tri 591 598 605
tri 885 899 851
tri 855 880 898
tri 541 583 595
tri 562 593 596
tri 860 878 896
tri 882 893 902
tri 3 380 413
tri 675 683 673
tri 493 475 525
tri 546 698 490
tri 600 586 576
tri 715 735 736
tri 716 750 715
tri 624 611 630
tri 961 979 934
tri 1117 1118 1123
tri 1119 1115 1116
tri 1111 1150 1109
tri 482 520 475
tri 639 631 662
tri 635 632 661
tri 633 640 618
tri 698 702 471
tri 689 693 682
tri 782 847 825
tri 450 463 406
tri 687 694 681
tri 386 388 356
tri 645 614 655
tri 644 659 667
tri 947 911 950
tri 691 674 645
tri 712 711 706
tri 1006 1010 1009
tri 695 697 692
tri 682 671 691
tri 670 643 675
tri 696 688 670
tri 673 653 677
tri 941 911 973
tri 678 664 687
tri 681 672 690
tri 692 680 696
tri 531 571 474
tri 968 949 981
tri 702 472 714
tri 766 1037 996
tri 995 905 766
tri 708 705 763
tri 727 720 726
tri 1025 1048 1049
tri 201 202 186
tri 483 497 501
tri 715 736 716
tri 937 922 910
tri 423 430 431
tri 714 713 712
tri 964 939 913
tri 753 743 730
tri 1012 1011 1033
tri 308 283 286
tri 537 514 507
tri 527 559 567
tri 1043 1030 1042
tri 284 277 282
tri 259 261 257
tri 517 542 487
tri 1041 1016 1017
tri 1013 1018 184
tri 747 754 755
tri 1031 1015 1014
tri 308 279 284
tri 258 257 260
tri 1027 1038 1028
tri 944 915 963
tri 1039 1028 1038
tri 721 725 757
tri 1020 1040 1029
tri 524 563 550
tri 752 714 750
tri 417 406 451
tri 716 707 711
tri 205 189 248
tri 369 393 146
tri 567 534 572
tri 769 788 793
tri 838 853 868
tri 565 587 513
tri 909 946 940
tri 568 590 519
tri 872 854 817
tri 759 733 732
tri 1056 1085 1084
tri 573 552 540
tri 607 477 508
tri 504 566 592
tri 909 979 961
tri 963 935 944
tri 487 525 517
tri 277 275 281
tri 782 825 830
tri 289 322 305
tri 921 1037 925
tri 832 766 796
tri 73 182 174
tri 542 508 477
tri 491 510 536
tri 849 800 865
tri 831 1007 801
tri 439 454 435
tri 995 999 905
tri 848 808 866
tri 990 978 993
tri 495 511 478
tri 575 560 522
tri 732 737 759
tri 918 999 923
tri 872 847 839
tri 864 828 770
tri 484 533 546
tri 728 755 756
tri 563 532 479
tri 822 859 874
tri 484 526 535
tri 1021 1019 1039
tri 557 576 587
tri 1119 1113 1137
tri 182 74 72
tri 874 866 808
tri 871 834 891
tri 518 540 555
tri 776 803 863
tri 254 285 245
tri 884 865 800
tri 374 444 375
tri 858 881 897
tri 894 892 848
tri 569 596 500
tri 896 888 849
tri 250 251 252
tri 603 585 550
tri 897 891 834
tri 217 187 224
tri 479 518 555
tri 476 519 534
tri 774 816 867
tri 1114 1138 1113
tri 931 954 912
tri 976 969 988
tri 625 613 620
tri 629 638 621
tri 615 646 625
tri 660 648 685
tri 627 640 616
tri 657 686 634
tri 197 196 195
tri 665 649 617
tri 636 620 613
tri 621 701 629
tri 647 630 611
tri 928 997 959
tri 952 971 907
tri 932 905 958
tri 597 578 509
tri 651 617 649
tri 936 965 972
tri 623 616 638
tri 1002 1024 1046
tri 679 615 658
tri 660 652 624
tri 960 974 986
tri 973 984 941
tri 385 356 389
tri 273 717 718
tri 658 657 634
tri 930 966 970
tri 669 637 676
tri 970 983 930
tri 972 981 936
tri 977 967 989
tri 985 988 966
tri 986 989 960
tri 677 656 612
tri 987 991 965
tri 992 993 974
tri 690 676 637
tri 1037 1007 767
tri 502 485 536
tri 1065 1080 1082
tri 995 997 998
tri 326 314 291
tri 1121 1118 1119
tri 948 957 919
tri 197 220 219
tri 1022 1023 1010
tri 87 104 86
tri 1080 1069 1082
tri 1006 1008 1005
tri 1007 1036 997
tri 1017 1040 1041
tri 730 742 731
tri 976 984 969
tri 731 741 765
tri 756 726 728
tri 474 515 531
tri 717 758 748
tri 748 738 739
tri 1044 1014 1015
tri 737 739 738
tri 757 723 721
tri 438 436 370
tri 1116 1136 1107
tri 953 943 921
tri 1034 767 1026
tri 311 293 295
tri 428 453 430
tri 1001 1002 1047
tri 1010 1050 1022
tri 297 288 294
tri 1055 1103 1104
tri 1103 1056 1084
tri 1073 1083 1072
tri 1054 1084 1067
tri 1052 1088 1102
tri 1053 1064 1051
tri 1112 1135 1142
tri 1060 1066 1085
tri 1059 1085 1057
tri 1058 1092 1095
tri 1061 1062 1063
tri 1062 1061 1097
tri 1060 1061 1065
tri 1093 1070 1071
tri 1070 1072 1083
tri 577 554 503
tri 1106 1083 1081
tri 1100 1099 1098
tri 1105 1082 1069
tri 1064 1063 1051
tri 1101 1087 1086
tri 1076 1086 1073
tri 1074 1075 1090
tri 1077 1079 1068
tri 1079 1077 1078
tri 1101 1077 1080
tri 1083 1066 1081
tri 1084 1087 1067
tri 1084 1083 1086
tri 1080 1067 1087
tri 266 270 267
tri 1051 1079 1052
tri 1089 1052 1079
tri 1102 1089 1078
tri 1091 1090 1075
tri 1091 1074 1055
tri 1073 1055 1074
tri 1072 1056 1073
tri 1057 1093 1058
tri 1094 1058 1093
tri 1095 1094 1071
tri 1099 1097 1098
tri 1096 1100 1062
tri 1069 1062 1100
tri 1051 1069 1068
tri 1077 1102 1078
tri 1053 1101 1054
tri 1090 1103 1076
tri 1076 1054 1101
tri 1070 1095 1071
tri 1059 1106 1060
tri 1098 1061 1105
tri 1105 1060 1106
tri 154 171 183
tri 709 740 706
tri 761 735 734
tri 1110 1107 1136
tri 1147 1127 1129
tri 1133 1141 1134
tri 1121 1131 1132
tri 1126 1128 1125
tri 917 914 929
tri 592 558 582
tri 1120 1124 1107
tri 1026 1010 1023
tri 229 224 191
tri 1130 1124 1128
tri 322 315 305
tri 200 197 219
tri 1139 1132 1131
tri 953 938 980
tri 763 740 707
tri 1000 1003 1005
tri 1000 1049 1050
tri 1135 1141 1143
tri 852 810 775
tri 1107 1121 1119
tri 929 916 917
tri 512 553 539
tri 1125 1144 1145
tri 1125 1143 1126
tri 1108 1149 1146
tri 718 325 324


color 0.4 0.5 0.6
xyz -20 0 -15
xyz 20 0 -15
xyz 20 20 -15
xyz -20 20 -15
tri -4 -3 -2
tri -2 -1 -4

xyz 20 20 -15
xyz -20 20 -15
xyz -20 20 -45
xyz 20 20 -45
tri -4 -3 -2
tri -2 -1 -4

xyz 20 0 -15
xyz 20 20 -15
xyz 20 20 -45
xyz 20 0 -45
tri -4 -3 -2
tri -2 -1 -4


transparency 1
shininess 0.25
ior 2
sphere -3 22.5 2 5

transparency 0
shininess 1 0.75 0.5
color 1 0.75 0.5
sphere -25 15 2 15
